255	255	255	255	255	254	254	254	253	253	253	253	253	252	252	252	252	251	251	250	250	250	249	249	249	248	248	248	248	247	247	247	245	242	240	239	238	239	236	233	228	223	217	217	217	217	216	217	217	217	217	217	218	217	217	217	216	216	216	216	216	218	219	219	219	218	218	218	218	218	217	216	216	215	215	214	214	212	207	201	206	211	212	212	212	212	212	211	211	210	211	210	210	210	210	210	209	209	209	209	209	208	208	208	207	206	206	205	204	204	204	204	203	203	202	202	202	201	201	202	202	201	201	202	201	201	200	201	
253	253	254	253	253	253	253	253	252	252	252	252	252	252	251	251	250	250	249	249	249	249	249	248	247	247	246	246	246	246	246	245	243	240	238	236	235	232	231	231	226	222	218	218	218	218	218	218	218	217	217	217	218	216	216	217	215	216	217	216	217	218	218	219	219	218	218	218	218	217	217	217	216	215	215	214	214	212	209	207	206	209	212	212	212	212	212	212	211	211	210	210	210	210	210	210	210	210	209	209	209	209	209	208	208	208	207	206	205	205	204	205	204	204	203	202	202	202	202	202	202	202	202	201	202	201	202	202	
252	252	253	253	252	252	252	252	252	251	251	251	251	250	250	250	249	248	248	248	248	247	247	247	246	245	245	245	244	244	245	244	240	237	235	233	231	229	228	227	223	220	220	219	218	219	219	218	218	218	218	218	218	215	215	216	216	216	217	217	216	217	217	218	219	218	218	218	218	218	217	217	216	215	215	214	213	212	211	210	210	210	211	212	212	212	212	212	211	212	211	211	210	210	210	210	210	210	210	210	209	209	210	209	209	208	207	208	207	205	205	205	204	204	203	203	202	203	202	202	202	202	202	202	202	202	202	203	
251	252	252	251	251	251	251	251	250	250	250	250	250	250	249	249	248	247	247	247	246	246	246	245	244	244	244	243	241	239	239	239	236	235	234	230	227	227	226	223	220	218	217	216	215	219	219	219	220	219	218	217	217	215	214	215	215	214	215	216	216	217	218	218	219	218	218	217	218	218	218	217	216	215	215	213	213	212	210	210	210	211	210	211	211	211	211	212	211	211	211	211	210	210	210	210	210	209	210	209	209	209	209	209	209	209	208	208	207	207	206	205	204	204	204	204	203	203	203	203	203	204	203	203	203	203	203	203	
251	250	250	250	250	250	250	249	250	249	249	249	249	248	248	247	247	246	246	245	245	245	244	244	243	242	243	241	235	232	231	233	234	234	232	229	226	224	223	221	218	216	213	213	213	215	218	219	219	218	215	214	213	212	211	211	212	210	210	213	216	217	217	218	219	218	218	218	217	217	217	217	216	215	215	213	213	212	210	210	209	210	210	211	210	211	210	210	210	210	211	211	210	210	210	210	210	209	209	209	209	209	209	209	208	209	208	207	207	207	206	206	205	205	204	204	203	203	204	204	204	204	204	204	204	204	204	204	
250	250	249	249	249	249	249	248	248	248	248	248	248	247	247	247	246	245	245	244	244	244	243	243	242	241	242	240	237	231	228	232	233	232	231	228	227	224	222	220	220	218	216	216	215	215	216	219	219	217	213	212	211	211	211	209	209	209	208	208	213	216	218	218	218	218	218	218	219	217	217	216	216	215	214	213	212	211	211	209	210	210	210	211	211	211	211	210	210	210	210	210	211	210	209	210	209	209	208	209	209	208	209	209	209	209	208	208	208	207	207	206	205	205	204	205	204	204	204	205	205	205	205	204	205	204	204	204	
249	249	248	248	248	248	247	247	247	247	247	247	247	246	246	246	245	244	244	244	243	243	242	242	241	240	240	240	239	235	231	233	233	231	230	229	227	225	223	220	219	217	217	216	215	216	216	217	219	215	214	213	211	211	211	210	209	209	207	206	208	213	218	219	219	218	219	220	219	218	218	217	216	216	214	214	213	212	211	210	210	210	210	210	211	212	212	211	211	211	211	210	210	210	209	209	209	209	208	209	209	209	208	209	209	209	208	208	207	207	207	206	205	205	205	205	205	205	205	205	205	205	205	205	205	204	204	204	
248	248	248	247	247	247	246	246	246	246	246	245	245	245	245	245	244	244	243	243	242	241	241	240	240	239	238	238	236	235	234	233	232	231	230	229	227	226	223	220	217	215	215	215	216	215	215	216	219	217	214	213	212	212	211	210	210	208	208	208	209	210	215	218	220	219	219	220	219	218	217	218	217	216	215	215	214	212	210	211	211	211	211	211	212	213	213	213	214	213	213	211	210	210	210	209	209	209	209	209	209	209	210	210	210	210	209	208	208	208	208	207	207	206	205	205	205	205	205	205	205	205	205	205	205	205	204	204	
247	247	247	247	247	246	245	245	244	244	244	244	244	243	243	243	243	243	242	241	241	241	240	239	239	238	237	237	236	235	234	232	231	230	230	229	227	226	224	220	217	215	214	215	214	214	215	218	220	219	215	214	213	215	214	213	211	210	210	210	209	210	212	215	218	219	220	220	220	220	218	217	217	216	215	215	215	214	214	213	213	214	214	213	214	213	213	214	214	213	214	213	213	212	212	212	212	211	212	211	211	212	212	212	212	212	211	210	209	209	208	208	208	208	207	206	207	206	206	206	206	205	205	205	205	205	205	204	
247	247	246	246	245	245	245	245	244	243	244	244	244	243	243	243	243	243	242	241	241	240	240	239	238	238	237	235	235	234	233	232	229	228	229	229	227	226	223	218	215	213	213	213	214	215	217	220	219	219	218	215	215	218	219	218	215	214	215	213	212	210	211	214	217	218	218	219	221	221	220	218	216	216	217	216	215	215	216	215	215	215	215	215	215	214	214	215	215	214	215	214	214	213	213	213	213	214	213	213	213	213	213	214	214	214	213	213	212	212	211	211	209	210	209	207	208	207	208	208	208	207	206	206	206	206	205	206	
246	245	245	245	245	245	245	245	244	244	244	244	244	243	243	243	242	243	242	242	241	240	239	239	238	238	235	234	235	235	233	230	227	225	226	226	226	224	221	217	214	212	212	213	214	216	219	221	220	219	219	219	218	221	221	222	221	219	219	217	216	215	215	215	216	216	216	218	221	222	221	219	217	216	216	216	214	212	214	214	214	215	214	214	215	214	215	216	218	217	218	216	215	215	215	214	213	214	215	215	214	214	216	217	216	217	215	216	214	214	214	213	213	212	211	211	210	210	210	209	209	209	209	208	208	208	208	208	
246	245	245	245	245	245	245	245	244	244	244	244	243	243	243	242	242	242	242	241	241	239	235	234	235	235	232	229	231	233	231	227	227	226	224	222	223	221	218	215	213	214	213	213	213	217	224	227	225	222	219	223	222	221	223	223	224	222	222	221	219	218	219	218	216	216	216	217	217	218	219	217	212	212	213	213	212	211	211	213	213	215	215	215	216	215	216	217	219	218	218	218	218	218	216	214	216	216	216	217	216	216	218	218	218	217	217	218	216	218	217	214	215	214	214	214	213	213	213	212	212	212	211	211	210	209	209	209	
246	245	245	245	245	245	245	245	244	244	244	244	243	243	243	242	242	242	241	241	240	236	231	226	228	229	225	222	222	223	222	222	226	228	226	218	216	216	215	214	211	211	210	211	213	216	223	229	231	228	225	226	225	223	225	224	222	224	223	223	222	221	222	222	219	218	217	217	215	214	215	214	206	206	211	212	211	210	209	211	212	213	214	215	217	217	217	218	219	218	219	220	219	219	218	217	218	218	218	218	218	217	218	219	219	218	218	219	219	219	218	217	217	216	215	216	216	215	215	214	214	214	213	213	214	213	212	211	
246	245	245	245	245	245	245	244	244	244	244	243	243	244	243	243	243	242	241	240	239	238	234	226	223	226	222	218	219	220	219	220	224	227	227	223	215	211	213	212	210	208	206	207	211	215	220	227	232	231	229	228	228	227	226	224	223	225	225	225	224	222	220	223	222	220	219	218	217	216	216	215	213	210	210	212	211	212	212	211	211	212	213	213	214	218	218	218	219	219	221	221	222	221	220	219	220	219	219	219	219	219	219	219	219	219	219	220	220	220	219	219	219	219	219	218	218	218	218	217	217	217	216	216	216	216	214	214	
246	245	245	245	245	245	244	244	244	244	244	243	244	244	243	241	241	240	242	240	239	239	239	233	226	226	225	221	218	220	221	222	223	225	228	227	222	215	214	209	206	205	204	204	209	212	216	223	228	233	230	229	230	230	228	223	223	226	226	227	226	223	218	218	221	221	220	220	219	218	218	217	216	214	212	212	212	213	212	210	210	212	214	215	214	216	219	220	220	220	221	222	223	222	221	221	221	221	221	220	220	220	221	220	220	220	221	221	221	221	221	220	221	222	221	220	220	221	221	220	219	220	219	218	218	218	217	216	
245	245	245	245	245	244	244	244	244	244	244	244	241	239	233	229	227	227	233	230	229	237	239	237	233	228	228	230	221	219	219	219	216	217	225	227	225	221	214	208	203	202	201	202	205	207	210	216	220	229	227	224	228	229	228	224	221	223	225	227	227	225	223	219	219	221	222	221	221	220	220	219	218	215	214	213	212	213	212	210	209	212	215	217	216	217	219	221	221	221	221	223	222	223	222	222	222	221	221	222	221	221	221	220	221	221	221	222	221	221	221	221	221	221	222	222	222	222	222	222	222	221	221	220	219	220	219	218	
245	245	245	245	244	245	245	242	241	241	238	239	234	229	223	220	221	219	218	218	216	222	238	235	228	222	222	226	219	217	218	214	211	212	220	224	226	223	216	208	202	201	200	200	202	203	205	211	217	220	222	221	225	230	228	226	225	223	225	226	226	225	226	224	222	221	222	223	222	221	221	222	220	219	217	215	215	214	213	214	213	211	215	218	219	220	220	221	223	223	223	224	224	224	223	224	223	223	223	222	222	222	222	221	221	221	222	222	222	221	222	222	222	222	222	222	223	223	223	223	223	222	222	222	221	222	222	220	
245	245	245	245	245	240	233	222	219	222	220	226	227	224	220	217	217	217	216	216	214	211	221	224	220	214	213	213	212	214	213	213	214	217	220	224	226	223	217	208	202	201	199	199	201	201	204	210	216	218	220	222	224	229	229	228	227	226	227	225	222	221	222	226	225	222	224	225	224	224	224	223	222	221	220	218	218	218	217	217	215	213	214	220	221	222	222	222	223	224	226	226	226	226	225	225	225	224	224	224	224	224	224	223	222	222	223	222	222	223	224	224	225	224	224	224	224	224	224	224	224	224	224	224	223	223	222	223	
243	244	244	243	235	223	216	214	210	209	211	216	218	217	215	213	211	213	212	211	212	209	206	208	210	206	206	207	207	208	207	210	213	214	217	221	224	224	217	209	206	205	199	198	199	200	205	212	214	216	220	224	224	226	226	228	228	227	228	227	222	220	220	221	225	222	223	228	227	227	226	225	224	223	221	221	221	220	219	218	217	216	215	219	222	224	225	224	223	224	226	227	227	227	227	226	226	226	226	226	224	223	224	224	223	223	223	223	223	224	225	226	227	226	227	227	226	226	226	227	227	227	226	226	225	225	224	223	
236	236	238	235	221	217	211	205	202	199	200	208	211	209	209	208	206	209	208	207	209	207	203	200	201	199	198	200	200	201	203	207	209	210	212	214	217	223	220	213	213	212	202	198	197	199	203	212	210	211	220	223	225	226	225	228	225	226	229	230	227	225	226	221	220	220	222	228	229	227	227	227	226	224	223	223	223	222	221	219	219	219	219	220	222	225	226	226	225	224	225	226	227	228	228	228	228	228	227	226	225	223	224	225	225	225	224	224	224	225	226	227	228	228	228	228	228	228	227	228	228	228	228	228	227	227	226	225	
234	230	230	227	218	215	205	196	193	190	192	201	205	203	204	203	202	205	205	206	206	204	201	199	200	195	192	193	194	196	199	201	203	205	207	210	211	213	217	218	214	212	204	200	196	198	198	200	198	199	211	213	221	228	227	227	218	218	226	228	229	228	229	227	223	222	223	227	229	227	228	227	226	226	225	225	225	224	222	221	221	221	221	222	222	224	225	225	226	225	224	225	226	227	227	228	228	228	227	227	225	222	223	224	222	223	223	223	225	226	227	228	228	229	229	229	229	228	228	229	229	229	228	228	228	228	228	228	
236	232	227	222	213	209	199	189	188	194	190	194	198	198	201	203	199	198	200	202	203	201	198	196	208	196	188	187	188	193	195	195	199	202	204	205	206	206	209	216	212	200	199	198	193	194	194	194	193	193	195	196	208	225	229	227	222	221	226	227	229	228	228	225	222	222	225	227	229	229	228	227	227	228	227	227	227	226	224	223	223	224	223	224	225	225	225	226	226	226	225	225	226	227	228	228	228	228	228	227	225	224	222	223	217	217	218	215	224	226	227	228	229	229	230	230	230	230	229	230	230	230	230	230	229	229	229	229	
233	235	230	221	205	198	190	183	186	198	195	189	191	194	197	200	198	195	197	199	199	198	196	191	208	206	188	184	186	192	195	195	195	200	200	200	200	200	202	205	202	194	193	194	193	194	194	193	192	192	192	192	200	210	224	224	225	225	229	228	228	228	227	218	212	209	217	227	228	229	228	228	229	229	228	229	229	228	226	223	225	225	227	227	227	227	227	228	227	227	227	227	227	228	228	229	229	228	228	228	227	225	223	223	221	218	217	214	221	226	227	228	229	230	230	230	230	230	231	231	232	231	231	231	230	230	229	229	
230	234	232	227	209	191	185	179	181	186	188	186	186	188	191	194	197	195	194	195	195	194	192	189	193	200	191	185	185	192	195	195	195	198	200	198	196	197	198	198	195	194	194	193	192	191	191	196	200	199	198	197	194	200	214	227	229	228	230	229	228	228	221	219	211	203	204	223	228	227	228	228	228	228	228	229	229	229	221	211	221	229	229	230	230	229	229	229	229	229	229	229	228	229	229	229	229	229	229	228	228	226	225	223	222	221	221	219	221	225	227	228	228	229	230	230	230	231	231	231	231	232	231	231	230	230	229	229	
228	230	230	228	223	197	182	178	177	177	177	180	181	183	187	189	195	196	193	192	192	191	188	187	188	194	193	191	190	192	195	195	196	195	200	199	199	200	197	195	195	194	193	194	199	200	200	188	174	172	178	186	198	206	204	167	171	191	219	236	231	224	218	223	218	213	211	214	227	227	227	227	227	226	226	227	227	228	217	209	215	230	230	230	231	230	230	230	230	230	230	230	230	230	231	231	231	230	230	230	229	228	227	225	224	222	221	220	221	224	225	227	228	228	229	230	231	230	230	231	231	231	231	230	230	230	230	230	
224	226	228	227	227	215	192	179	177	176	172	172	175	181	186	191	198	199	195	191	194	196	192	191	193	195	194	197	205	206	208	211	208	201	206	209	207	203	198	195	194	196	198	195	177	165	138	105	90	96	94	99	116	123	111	86	91	93	117	152	207	232	227	220	225	224	220	216	226	228	228	228	227	226	225	226	225	225	222	218	216	226	229	230	230	229	229	229	229	229	229	230	230	231	231	232	231	232	231	231	229	229	228	226	226	223	222	222	222	224	225	227	228	227	228	229	230	231	231	230	231	231	230	230	229	229	228	229	
219	221	224	224	225	224	211	194	182	181	180	176	177	187	198	203	209	209	201	197	201	207	209	211	211	213	209	207	220	227	230	232	230	222	221	220	215	206	199	197	199	186	169	111	93	93	91	77	92	114	98	96	100	105	97	97	104	107	111	98	111	149	200	216	192	183	210	223	215	219	222	225	226	226	227	226	225	225	225	223	222	225	227	227	228	227	227	226	224	225	227	228	230	230	231	231	231	233	232	231	231	230	229	228	227	225	224	224	224	224	225	226	226	225	226	227	228	228	229	229	229	229	229	230	228	227	224	227	
216	218	220	222	222	223	219	211	193	186	189	194	197	203	214	217	216	217	213	212	215	220	218	222	223	224	224	222	226	231	232	233	234	233	229	221	212	207	203	199	146	137	106	85	101	92	98	66	85	108	109	104	109	107	99	104	112	110	111	106	109	106	110	115	96	85	107	184	216	206	212	212	215	218	220	222	226	226	225	225	225	226	226	227	227	226	225	225	226	223	224	226	229	231	231	231	233	229	232	234	234	233	233	231	229	227	226	226	226	225	225	225	226	226	225	226	226	227	226	226	227	227	226	226	227	225	225	227	
214	218	220	221	221	221	219	217	210	199	195	201	209	211	216	218	218	218	220	222	225	225	218	219	218	218	221	222	225	227	229	230	231	232	221	211	208	205	216	149	93	122	96	89	92	101	93	50	79	120	114	114	93	95	100	110	108	108	113	116	116	110	115	108	97	94	96	111	198	215	215	215	215	206	207	212	215	216	222	225	224	225	225	224	225	222	225	222	212	230	229	228	224	217	218	225	213	206	220	223	222	226	225	226	230	230	229	229	228	228	228	227	226	225	225	225	225	225	226	224	224	225	225	223	224	223	223	224	
214	218	220	221	221	220	219	218	218	216	211	205	210	213	212	212	217	220	217	219	217	215	214	213	212	216	218	219	222	226	226	227	226	224	213	209	208	208	204	112	124	128	88	95	104	106	99	72	71	88	116	74	57	98	97	111	106	108	107	120	122	105	126	113	81	81	99	114	120	165	176	160	153	192	204	191	195	203	201	216	216	213	213	220	216	204	197	101	103	148	136	183	200	184	187	196	196	196	193	192	198	205	208	209	213	217	216	216	217	222	222	223	227	226	225	225	226	227	226	225	225	224	224	223	223	222	222	222	
214	219	219	219	221	220	218	218	219	218	218	214	214	213	218	222	206	196	208	213	219	217	219	223	218	212	214	213	214	220	223	221	218	215	212	211	207	214	164	104	136	102	87	107	101	101	109	110	106	98	122	73	63	91	104	115	108	114	116	120	129	119	122	121	109	110	110	118	114	88	78	74	70	96	102	90	96	150	195	193	208	215	209	191	192	215	143	64	93	85	76	91	160	182	175	180	187	183	185	188	190	196	201	199	194	195	196	198	201	201	202	204	212	215	223	226	227	227	226	227	227	225	225	224	224	222	222	221	
213	217	220	220	219	220	217	216	219	217	216	217	216	220	194	143	96	98	116	115	187	194	181	143	182	223	221	216	211	214	217	215	213	212	212	211	208	211	117	105	119	91	93	97	86	83	96	98	101	108	110	104	98	102	115	112	116	112	128	132	130	127	120	127	121	130	133	129	103	73	81	78	105	101	91	105	90	79	148	205	154	103	106	81	118	160	96	90	90	95	90	83	93	168	177	175	178	180	183	186	186	188	193	194	192	190	190	192	193	195	198	200	199	197	204	211	220	220	223	221	223	224	224	223	221	220	221	221	
206	212	220	219	217	218	216	214	213	214	212	211	218	183	90	76	81	98	91	94	98	83	86	82	99	136	172	205	218	212	212	213	212	212	211	210	219	158	68	73	95	94	89	93	94	98	100	101	81	87	106	103	109	104	107	118	123	123	123	131	135	123	102	131	130	134	139	136	98	75	77	96	116	111	118	108	104	94	100	155	75	70	74	85	107	70	101	87	89	87	89	90	82	106	178	173	174	178	182	184	188	190	191	193	191	191	191	192	193	197	199	204	206	201	198	199	203	209	217	214	213	220	219	218	218	217	218	216	
202	202	214	219	216	217	214	212	210	211	211	210	185	95	92	93	90	107	86	86	104	82	75	114	97	85	89	99	172	223	220	214	212	212	211	213	147	76	91	108	91	103	85	82	101	100	102	81	66	97	116	97	110	108	112	120	120	126	125	132	132	130	133	127	126	135	141	129	82	74	78	112	114	117	119	118	105	102	96	77	76	78	68	78	103	95	97	90	89	95	94	91	91	86	146	180	171	173	179	181	188	192	195	195	193	195	193	191	193	197	199	204	209	209	202	202	199	195	199	210	214	216	216	212	215	217	215	212	
204	204	211	218	216	214	216	207	206	196	160	130	104	83	99	93	89	96	89	87	100	106	72	89	86	98	102	94	109	130	165	212	214	210	217	148	69	67	102	102	94	106	88	94	105	107	107	64	68	110	109	95	115	114	113	124	129	134	131	137	127	131	132	132	130	133	138	147	93	64	77	116	120	123	118	120	116	108	100	94	97	81	67	79	92	83	92	98	92	106	102	97	94	91	91	171	173	175	178	182	185	189	192	198	198	198	197	187	186	190	194	196	202	205	205	202	198	194	194	198	202	206	215	215	214	214	213	210	
211	213	212	214	213	218	179	106	114	110	82	81	100	104	99	91	94	103	100	94	90	110	91	72	83	105	108	88	87	105	97	142	217	215	185	77	70	65	94	103	104	90	84	102	110	130	95	59	74	119	102	91	115	106	111	118	122	133	133	133	129	135	134	135	137	130	129	154	104	64	82	112	119	123	120	121	111	115	110	108	97	112	95	81	87	93	93	95	88	99	108	96	93	98	80	117	177	166	172	175	178	185	183	175	176	199	202	194	189	191	193	193	195	199	202	204	197	193	194	192	192	193	198	208	212	214	213	209	
211	211	209	208	208	192	92	73	95	95	92	103	103	109	113	101	102	107	112	85	89	104	104	81	84	112	99	76	93	105	117	105	186	225	136	67	60	62	99	94	100	104	102	98	117	134	85	67	78	117	89	86	112	114	110	111	127	132	134	133	132	129	132	133	131	133	135	150	128	73	90	126	127	105	123	128	114	113	109	122	117	117	119	94	86	103	110	103	90	98	108	95	99	97	102	76	154	179	163	165	165	148	127	115	116	148	176	193	194	190	187	191	198	203	203	201	201	192	187	189	188	188	185	187	189	193	196	202	
210	209	207	199	196	105	74	100	106	100	94	83	72	86	96	113	105	108	113	98	101	106	99	86	88	117	111	89	93	99	116	112	103	129	92	65	63	83	110	87	100	102	92	114	129	120	95	73	80	103	68	91	125	122	108	113	132	128	136	135	139	134	130	127	130	138	138	134	157	116	101	110	107	111	122	125	114	109	106	115	121	118	125	128	111	115	109	109	96	92	114	104	105	88	103	101	96	160	151	131	124	125	129	116	117	141	129	132	148	173	182	177	165	158	179	207	208	201	187	184	183	182	181	180	179	176	171	172	
207	204	200	203	163	68	84	92	94	84	92	85	84	76	80	88	98	103	103	112	107	106	123	106	106	127	107	95	93	104	129	122	84	67	66	81	104	106	105	90	97	102	77	104	132	123	99	87	75	105	86	95	129	109	116	147	134	129	130	129	135	141	137	126	133	139	140	138	153	147	105	81	122	134	115	122	116	107	111	109	115	123	127	135	136	105	104	108	104	105	113	111	114	91	94	116	96	99	160	135	136	142	134	125	150	155	132	126	110	134	130	111	135	139	155	160	183	201	196	190	179	180	181	180	179	177	171	166	
195	195	195	210	127	67	84	100	101	81	76	98	116	83	87	121	131	101	113	119	101	90	124	108	111	129	92	91	92	105	118	110	74	68	56	81	107	99	91	76	74	85	80	101	118	105	101	102	84	108	103	99	113	108	122	127	120	130	126	126	124	117	127	139	139	142	143	147	149	156	117	84	138	119	114	126	117	113	110	111	115	132	135	137	140	117	107	127	125	120	128	106	116	102	89	104	111	98	130	180	146	143	144	152	156	142	140	136	131	155	121	132	157	147	162	132	136	195	184	172	178	182	179	175	173	172	165	160	
180	185	188	202	107	70	91	113	110	91	87	111	106	78	122	137	125	116	127	125	96	82	117	111	110	112	106	99	120	110	116	106	61	61	54	65	83	87	87	77	67	75	86	103	121	100	102	103	104	126	96	92	90	107	119	117	124	131	130	120	134	119	118	136	139	143	144	143	142	149	116	82	133	117	110	113	119	115	120	122	111	123	138	139	140	135	114	148	141	120	120	104	99	90	84	97	109	110	109	146	146	143	154	131	132	138	146	157	153	147	134	130	129	145	149	129	140	178	141	131	145	157	178	167	159	157	153	150	
170	162	163	170	86	78	108	136	119	106	108	119	82	99	133	151	119	130	124	132	100	83	126	111	107	117	122	119	105	116	110	120	64	63	54	71	78	92	91	78	70	86	90	93	106	95	98	99	110	103	79	82	122	122	122	123	114	130	127	124	133	136	131	133	135	140	142	140	142	145	131	102	114	110	103	121	123	111	149	118	107	140	135	134	137	143	124	134	135	127	122	90	95	79	81	84	94	104	116	115	136	138	132	127	137	124	121	129	137	124	121	117	120	124	128	130	127	126	114	131	146	143	150	162	153	148	147	145	
164	156	155	138	65	100	120	147	116	100	95	95	85	102	127	139	134	146	130	110	114	103	131	119	123	124	115	127	109	118	121	132	73	59	57	70	91	107	99	78	81	75	88	95	99	101	98	91	93	80	73	88	130	123	120	115	116	131	128	121	124	128	125	125	128	138	141	142	142	143	145	115	109	101	92	121	118	130	147	112	124	151	127	129	137	136	136	141	136	123	111	97	95	73	81	84	79	84	100	119	128	131	130	124	120	118	119	127	126	124	120	118	119	120	128	130	126	125	116	113	125	139	120	144	160	149	146	143	
157	161	156	128	57	107	132	129	92	102	110	88	90	119	161	144	141	133	128	118	116	135	140	116	107	115	136	141	131	117	125	132	80	56	66	68	92	111	98	85	82	97	99	105	99	94	95	93	86	82	73	100	138	129	134	114	121	140	125	130	115	119	111	105	107	136	141	142	146	148	145	129	124	115	97	124	125	151	149	117	121	134	126	117	131	138	130	128	138	126	105	93	89	70	84	81	73	83	81	111	130	131	130	119	116	118	124	132	132	128	124	121	122	122	124	125	123	123	120	116	119	125	130	156	172	165	162	159	
152	152	164	130	65	118	123	110	85	112	114	94	93	117	139	149	122	123	122	123	122	131	125	125	114	113	147	138	124	118	123	136	84	57	81	91	118	128	106	92	99	101	107	103	89	98	103	92	84	88	82	116	140	132	130	109	133	148	127	133	123	106	96	98	118	136	137	147	145	126	109	102	100	109	130	128	145	145	154	120	115	132	133	122	130	134	130	122	123	129	103	97	92	72	89	84	79	85	75	107	140	130	124	116	112	112	121	121	127	129	124	120	118	121	123	126	120	118	123	121	113	118	120	150	177	169	168	166	
158	150	155	121	72	130	105	108	88	119	108	95	116	127	149	146	123	143	126	142	132	124	126	140	135	126	137	132	130	131	145	140	94	57	90	95	133	128	124	101	93	95	102	103	97	101	103	94	86	97	101	124	142	130	121	116	146	157	124	125	127	112	97	105	126	138	131	125	100	74	57	60	53	71	117	134	139	143	148	126	126	136	125	127	132	128	126	125	116	126	115	100	99	77	84	91	86	84	83	103	124	112	125	113	115	120	122	121	123	133	125	117	113	119	112	114	116	113	116	121	122	115	112	121	155	171	171	171	
152	147	156	116	81	140	110	128	92	129	99	97	127	151	168	147	162	157	132	140	136	141	135	139	138	127	131	149	133	134	149	147	109	60	98	90	131	121	115	100	94	92	108	93	100	105	101	97	95	103	115	128	139	134	129	122	158	163	132	135	131	117	109	120	122	87	71	66	67	58	61	68	83	66	72	121	140	140	141	124	128	121	117	125	132	137	126	135	128	134	121	104	104	78	83	96	90	89	88	100	128	115	120	124	112	123	124	121	126	129	122	98	98	112	95	91	106	98	92	102	110	108	107	112	115	129	145	145	
152	141	168	131	88	130	118	137	88	116	111	114	148	154	134	128	147	133	135	139	145	131	126	149	141	119	133	144	136	140	137	156	117	61	100	90	128	124	112	96	91	93	109	96	102	109	99	102	113	113	120	135	135	133	130	130	169	183	161	144	147	128	130	96	64	62	77	59	72	53	47	57	86	67	54	87	138	142	125	128	130	129	128	131	135	137	142	143	132	142	120	112	110	86	86	106	101	99	108	109	123	129	125	130	116	116	122	118	126	125	110	100	100	99	95	90	101	88	83	83	81	99	119	107	112	116	115	116	
163	153	167	125	100	112	131	133	104	132	131	127	176	147	134	150	122	131	136	148	157	138	135	161	152	133	138	132	127	135	152	163	121	64	102	90	122	109	107	91	88	91	101	93	109	105	104	113	126	126	127	139	140	136	133	142	160	176	174	155	148	137	116	71	65	62	73	85	80	85	71	62	63	90	70	67	112	130	122	120	134	137	139	143	128	126	150	155	145	124	110	114	116	97	83	108	108	122	112	113	110	131	132	129	130	125	127	113	126	112	108	98	98	91	89	88	88	84	83	83	85	88	111	113	105	120	120	114	
153	151	148	106	100	112	100	106	131	119	122	157	158	139	140	131	115	135	140	138	145	148	144	160	142	133	138	139	149	154	150	161	139	79	104	91	118	113	109	84	86	99	93	99	113	117	122	125	130	128	130	139	136	141	153	165	162	162	171	170	147	114	83	73	89	77	56	80	63	90	107	87	74	83	99	95	94	116	131	114	125	134	134	135	133	132	138	162	151	103	108	117	110	110	83	113	109	131	121	120	100	115	122	126	137	129	132	134	127	86	106	103	99	96	92	92	90	87	85	85	87	84	92	109	104	112	109	91	
135	131	130	90	93	96	71	103	121	107	114	122	105	111	113	112	119	133	130	137	137	148	142	141	136	129	138	177	174	155	148	150	133	98	108	100	122	112	96	86	81	96	97	104	122	131	131	130	141	141	139	137	135	150	154	156	158	160	180	180	153	71	65	88	73	77	65	76	69	88	80	61	83	66	57	69	90	93	131	134	136	153	152	135	132	117	122	138	139	123	120	118	106	114	115	126	106	108	113	107	106	93	117	128	133	113	124	121	128	108	95	107	121	120	115	107	103	105	103	97	102	99	103	103	94	95	103	97	
114	115	122	88	86	90	89	122	131	119	123	112	111	124	117	118	132	150	134	134	134	144	131	130	131	123	131	134	137	117	151	155	148	132	121	116	109	99	92	92	94	98	105	108	120	138	153	150	158	161	157	151	151	148	150	153	166	171	187	180	99	44	66	91	66	61	83	71	67	85	65	88	86	82	48	60	93	77	86	148	164	172	173	160	146	130	125	120	133	144	130	126	127	133	135	127	113	109	117	118	120	113	113	104	113	110	103	95	113	111	96	95	102	97	95	109	118	121	120	106	122	108	109	114	112	120	127	125	
119	123	123	91	92	91	93	123	131	121	125	118	121	125	115	120	127	140	144	134	126	128	108	121	115	116	127	116	126	128	175	195	193	182	159	132	113	100	97	101	103	111	110	118	146	167	179	181	178	181	181	181	184	179	177	182	184	185	192	162	61	60	64	71	59	54	61	77	66	73	85	80	78	99	64	67	83	99	93	139	187	187	191	190	186	191	189	179	168	175	165	155	164	163	162	157	151	149	149	148	148	147	137	129	132	129	118	118	118	104	113	120	112	111	112	132	143	140	146	145	154	147	142	138	123	112	124	132	
130	136	121	96	99	104	127	150	144	122	129	130	122	127	120	130	130	120	117	115	126	118	115	118	129	131	126	129	132	161	195	203	200	198	191	178	158	146	138	131	133	134	138	163	183	188	190	189	189	191	195	196	194	193	193	194	194	199	170	88	61	66	72	58	46	68	86	91	82	91	89	65	74	87	81	63	80	91	73	96	170	186	180	192	196	190	190	191	191	191	191	185	185	179	179	183	181	175	168	169	174	176	165	170	173	173	166	160	141	133	133	133	133	144	144	146	148	151	150	155	153	148	149	147	149	138	131	129	
139	136	129	126	132	153	170	160	129	125	120	130	128	117	108	110	107	113	123	120	119	117	108	122	128	117	121	148	177	203	209	210	207	207	206	204	195	182	173	165	167	167	178	187	188	189	189	189	189	191	192	192	193	194	195	193	192	198	121	63	63	68	84	77	59	82	82	83	93	79	81	79	94	100	82	76	75	91	70	77	106	117	97	114	180	191	187	186	187	173	136	150	180	178	179	185	183	183	170	174	178	180	179	179	181	181	178	178	180	174	165	159	140	138	156	166	171	175	171	174	176	173	166	165	164	160	150	128	
161	160	149	140	150	164	151	132	116	114	121	126	124	132	140	153	141	121	119	117	120	123	119	120	115	120	156	188	208	211	210	210	210	209	210	210	208	203	196	191	195	198	191	190	190	189	190	192	192	190	189	193	195	194	193	192	191	166	83	84	79	94	61	78	102	88	109	119	112	75	79	63	78	81	87	76	71	105	58	61	87	127	156	124	154	189	174	186	193	143	81	143	179	173	188	186	180	163	166	171	183	184	185	183	184	185	186	185	183	176	170	172	169	167	172	182	187	187	188	190	189	188	185	177	169	164	157	144	
159	154	143	145	153	155	141	143	143	153	157	162	157	178	198	203	191	177	158	152	149	141	152	162	175	178	192	202	206	208	209	211	211	211	212	212	212	213	212	208	206	202	197	194	192	188	191	197	174	183	195	193	194	193	192	192	188	94	50	63	56	84	77	86	95	81	90	82	98	97	107	56	58	84	75	87	78	85	80	89	98	123	155	165	178	189	189	188	189	152	109	120	141	171	189	188	180	148	189	174	167	187	165	175	186	191	190	190	188	180	179	178	180	183	179	185	186	189	189	189	188	185	182	178	176	157	145	148	
164	162	159	165	169	163	149	178	179	193	195	199	204	205	207	206	202	203	199	192	187	190	195	203	205	206	206	207	208	209	210	211	212	212	213	213	213	213	213	211	209	207	201	195	194	193	192	194	186	190	194	193	192	192	190	198	140	63	73	46	49	90	93	108	93	78	82	62	88	89	119	67	80	123	99	94	81	63	68	88	112	121	117	141	131	139	142	159	152	160	137	145	149	162	180	184	172	157	178	159	149	165	141	145	160	167	173	174	169	183	183	184	183	178	174	175	184	190	190	187	185	183	182	182	180	173	169	166	
149	181	180	182	188	185	185	201	202	205	210	213	212	210	209	208	207	207	207	207	208	208	207	206	204	203	204	205	207	207	207	207	208	209	210	210	211	211	210	212	211	210	201	192	191	191	190	189	190	190	189	190	190	190	191	182	86	58	75	62	64	109	92	101	106	77	79	82	77	77	92	77	81	110	90	59	84	78	69	79	98	115	111	126	133	138	143	147	163	168	154	163	171	169	171	173	171	169	173	157	151	167	172	155	161	142	154	154	152	162	156	160	173	172	160	165	164	166	153	172	183	180	178	174	172	171	172	171	
165	195	197	193	195	195	201	206	204	207	208	208	208	207	203	199	205	206	206	207	207	206	205	204	202	200	199	203	201	197	205	204	203	203	205	206	204	203	211	164	133	153	125	188	184	185	185	187	186	185	183	185	185	172	175	157	73	65	61	94	100	113	118	103	109	93	72	82	102	109	56	69	109	99	71	57	69	88	67	89	85	98	106	101	124	145	168	172	172	170	172	172	175	180	180	178	183	186	183	180	171	169	145	154	164	164	168	176	170	154	169	157	145	155	146	156	148	142	149	172	176	174	178	173	169	167	170	172	
179	198	201	201	200	198	202	204	204	206	205	205	205	204	199	194	194	197	200	201	199	200	201	201	199	196	195	194	190	188	173	181	195	195	198	196	193	192	193	144	108	137	121	173	176	175	177	168	159	164	173	172	152	144	152	116	59	95	106	108	116	112	127	114	106	81	103	112	103	117	74	63	88	72	58	72	84	75	83	82	89	100	103	106	107	122	157	169	177	177	178	181	181	179	178	174	176	176	175	175	168	149	122	131	143	142	150	159	142	150	171	163	159	158	129	142	171	165	172	174	160	158	169	168	170	173	165	164	
156	194	191	191	191	192	198	202	203	203	203	205	203	201	200	199	190	184	191	192	191	190	189	187	189	174	184	176	175	186	162	172	194	190	190	190	187	185	180	170	160	160	161	158	165	156	141	132	132	133	154	163	136	128	142	73	66	102	81	81	114	103	114	108	98	107	108	122	99	91	96	76	79	64	59	60	76	67	82	107	112	85	89	115	119	125	138	145	165	172	171	166	165	160	154	149	143	155	154	156	147	122	115	109	124	141	143	139	134	144	150	143	146	152	111	130	131	150	165	164	167	168	166	165	164	147	147	154	
155	169	173	187	191	195	202	200	201	200	199	201	203	204	201	195	197	196	195	195	195	194	191	187	181	176	170	168	169	174	177	170	175	176	179	185	187	184	181	177	171	168	159	153	154	143	127	112	123	140	138	115	84	82	123	63	78	104	77	107	126	99	101	98	105	100	100	115	84	79	104	76	81	62	76	47	50	90	73	82	93	54	75	90	94	107	104	105	129	137	134	132	132	130	134	126	111	118	132	131	130	126	118	111	115	128	134	141	138	137	137	136	141	141	134	131	133	137	139	143	153	157	164	164	160	143	157	159	
166	167	166	168	130	129	155	159	166	168	170	170	175	172	161	159	156	162	153	143	138	134	132	135	136	129	121	124	111	122	132	130	133	137	141	139	136	134	131	128	129	130	128	126	125	124	118	102	114	122	86	79	81	103	91	62	79	73	82	123	130	122	101	76	104	96	101	133	105	83	96	87	84	55	88	71	58	107	115	60	62	42	58	76	58	75	87	102	115	131	122	125	128	128	132	110	76	90	95	123	138	135	134	122	119	127	138	144	146	147	149	156	163	163	156	154	154	152	152	151	148	147	151	153	158	164	166	170	
140	144	131	126	124	120	116	123	126	128	125	120	120	114	103	133	141	139	140	138	132	137	128	125	120	112	110	108	104	117	133	128	125	125	126	123	123	121	122	117	115	114	118	122	123	126	121	120	119	89	71	84	90	101	65	71	86	58	82	116	133	114	103	109	112	92	77	129	95	75	77	77	96	60	71	82	76	83	94	79	48	40	58	85	57	74	96	112	84	107	111	116	130	136	136	78	67	79	71	97	112	128	140	141	145	152	155	161	160	155	158	162	164	167	164	164	162	162	162	159	153	151	150	154	158	162	166	168	
146	138	126	126	131	133	144	144	136	132	137	134	134	129	133	133	129	124	121	124	128	121	117	115	118	112	118	127	121	115	124	124	120	115	112	115	116	125	120	116	109	118	122	123	124	116	124	119	114	94	86	88	100	107	77	89	77	73	92	127	120	85	101	117	131	97	107	111	77	61	72	77	111	108	76	70	83	82	68	63	54	51	73	79	74	87	92	76	79	71	75	107	112	123	107	72	86	79	60	51	74	123	156	154	161	161	162	170	165	162	165	164	166	170	174	174	170	168	170	170	161	158	154	154	159	161	165	164	
118	115	115	109	99	101	107	105	120	117	113	116	129	129	122	124	131	132	137	132	128	128	128	128	122	100	114	124	111	77	92	110	103	105	115	124	119	116	113	106	124	126	125	124	120	126	114	100	94	87	86	89	96	100	78	93	75	75	128	118	77	90	102	109	94	76	98	108	75	65	67	70	103	90	81	67	73	68	68	55	65	66	62	60	69	84	65	55	63	55	75	101	90	116	83	82	87	71	63	80	91	111	143	158	164	167	169	170	170	168	169	168	161	160	168	172	174	174	174	171	170	169	165	162	164	165	168	168	
114	112	108	106	113	100	98	104	104	116	115	120	129	128	112	101	131	143	141	135	133	134	129	129	120	107	109	102	77	66	77	101	102	119	121	129	134	130	116	90	135	137	136	137	128	121	93	88	83	84	86	99	99	98	83	92	71	76	116	96	78	88	108	119	107	97	105	93	68	64	68	55	73	71	71	66	56	41	76	61	70	64	64	52	60	80	48	48	50	53	69	73	72	93	80	66	91	72	61	74	88	99	94	161	170	163	162	156	169	166	166	166	161	155	158	167	171	174	174	171	170	170	170	167	168	171	175	175	
111	108	105	107	113	108	105	93	68	111	109	85	83	74	64	62	85	124	132	116	120	132	131	125	129	131	118	112	105	102	87	114	127	120	115	118	122	117	126	122	121	123	128	123	103	110	115	106	103	103	102	105	113	120	105	68	65	82	119	118	77	85	95	118	120	96	77	93	85	64	76	54	60	61	70	68	63	58	74	68	56	55	65	62	61	61	46	53	51	42	46	52	56	59	62	59	77	66	51	99	107	94	100	154	170	142	119	138	165	167	166	166	161	161	168	170	172	175	175	169	168	169	166	165	166	168	173	177	
111	111	118	111	101	86	84	63	79	100	80	63	71	70	69	66	61	92	97	86	87	114	120	120	128	131	117	125	124	115	103	122	140	128	128	129	122	111	102	110	126	117	77	103	104	115	130	129	124	101	75	85	107	116	84	75	81	86	152	123	91	79	97	135	102	84	65	80	89	67	83	55	60	46	64	62	51	58	53	58	56	45	49	68	51	55	50	46	47	37	38	53	42	44	60	68	61	55	73	111	107	96	97	147	167	140	111	117	160	164	164	162	156	137	138	166	167	168	167	166	164	163	159	159	164	164	168	169	
89	106	106	107	101	100	96	97	106	98	81	70	75	69	67	64	65	75	67	77	105	98	114	109	99	108	75	55	75	80	82	124	114	96	102	104	86	87	83	71	112	97	48	65	97	132	122	109	119	92	72	83	88	86	66	65	56	87	141	97	85	98	123	115	96	99	69	56	84	75	78	63	52	42	56	56	46	55	47	58	54	47	56	69	50	59	54	42	41	40	58	60	42	45	60	65	71	60	86	92	84	97	107	140	143	139	121	128	157	157	159	156	158	116	83	145	165	162	161	160	158	156	152	146	146	149	151	152	
107	116	115	110	107	108	109	112	116	112	101	78	73	82	81	45	40	52	57	73	105	89	90	91	89	81	50	34	74	80	49	97	80	93	89	75	75	87	102	105	100	53	54	55	62	69	81	69	78	74	66	74	74	72	69	49	41	91	136	85	95	115	115	116	94	90	71	66	82	53	68	78	74	55	46	47	62	63	35	60	48	45	65	63	55	50	46	46	50	55	66	48	41	46	46	51	61	62	91	74	85	79	98	129	124	123	117	134	158	148	136	157	160	125	69	129	162	158	156	156	153	149	141	140	141	140	141	144	
108	112	117	114	112	113	112	115	105	82	113	86	67	87	98	64	38	53	60	51	68	76	88	90	87	87	76	59	61	70	67	75	51	68	67	65	69	76	70	83	77	57	56	54	55	54	58	65	69	70	67	63	68	70	71	58	45	97	115	61	64	84	101	122	97	60	69	81	90	69	66	77	87	63	48	52	60	64	40	58	58	50	51	50	47	55	36	48	61	68	71	50	43	41	52	69	63	49	77	68	85	90	120	125	103	93	80	106	134	115	79	127	140	145	101	95	131	128	148	149	151	147	142	144	142	137	141	152	
71	74	107	104	104	109	105	104	97	62	102	74	57	81	81	91	89	79	64	81	76	82	103	108	95	94	93	94	71	68	89	53	48	49	51	57	52	56	57	54	58	60	49	57	56	62	61	60	68	71	75	75	81	92	76	49	57	80	76	50	54	68	81	99	84	41	68	80	77	71	73	72	65	57	63	64	58	60	52	52	48	49	50	40	53	53	37	49	57	59	59	47	45	43	70	70	75	68	75	82	89	100	116	126	106	49	54	66	79	82	76	97	92	119	98	71	83	83	130	134	137	137	138	141	135	131	134	143	
47	58	96	96	95	109	106	91	65	54	87	79	57	70	61	64	101	73	49	72	74	75	88	85	79	76	79	66	59	57	59	52	44	43	57	72	64	54	54	56	57	48	47	54	56	59	61	68	83	79	88	99	99	104	84	56	56	71	64	42	58	58	76	87	73	47	76	87	72	52	59	55	54	58	46	49	61	45	59	56	47	51	49	45	58	51	44	42	54	52	48	46	50	45	71	63	63	64	84	97	86	78	125	130	87	61	66	69	71	77	83	87	84	90	75	73	92	97	115	123	131	131	132	133	132	134	127	113	
48	58	102	105	91	101	125	95	49	46	77	86	69	63	50	100	136	141	52	60	71	65	67	57	72	79	66	58	51	51	57	44	45	41	59	97	101	103	100	90	61	48	49	55	59	56	56	64	86	94	93	99	98	98	78	66	59	56	66	51	55	59	81	78	67	63	86	93	78	52	47	51	54	57	43	64	58	45	61	48	43	43	45	62	60	47	64	40	50	67	66	66	53	43	60	54	49	57	75	73	80	62	131	145	100	78	52	73	95	82	79	89	95	96	85	92	100	89	93	98	94	106	127	131	129	110	110	112	
86	75	125	114	76	75	100	67	62	69	86	70	65	55	62	138	210	185	85	66	77	71	71	59	52	60	57	56	53	49	56	44	44	42	48	69	89	110	108	87	55	47	49	51	52	63	72	70	79	89	94	94	98	79	61	63	49	57	62	43	47	65	79	67	63	52	76	79	69	48	47	47	52	47	50	57	59	62	55	64	53	52	63	67	68	50	83	59	52	54	65	75	58	48	60	56	60	61	69	60	64	63	109	115	98	63	38	74	101	52	62	59	69	90	91	98	94	92	81	91	86	80	84	108	106	72	94	107	
125	100	121	105	64	57	70	64	66	77	50	38	63	88	84	97	105	96	96	103	84	72	70	60	60	62	58	36	50	59	51	51	48	48	59	70	80	85	95	89	73	64	56	53	55	70	87	94	91	96	101	104	88	52	53	62	57	64	55	39	46	53	66	55	55	46	56	49	54	47	47	54	43	42	54	66	54	62	50	58	69	56	63	68	65	58	76	58	54	37	43	55	52	52	55	77	73	53	58	64	64	61	71	78	85	58	56	62	71	57	71	57	48	75	79	82	87	89	84	86	84	85	77	74	73	76	89	91	
129	84	83	77	67	44	50	77	80	82	48	39	72	110	106	102	100	97	86	106	77	62	77	68	56	64	55	36	53	76	60	69	69	74	76	75	82	70	85	94	88	85	80	75	73	79	86	96	100	105	109	114	98	57	49	64	66	64	57	39	42	45	49	46	47	45	45	48	63	49	44	48	50	45	51	65	53	60	71	52	59	47	62	75	62	60	59	57	50	50	54	56	70	75	57	50	54	55	49	54	54	62	69	74	75	78	67	80	84	74	85	89	74	66	71	61	70	75	77	91	86	97	94	90	81	82	84	80	
82	85	80	46	53	33	49	89	106	101	55	58	71	95	104	114	113	111	105	110	77	72	74	93	76	76	80	76	74	82	80	78	82	82	86	86	85	65	75	102	97	92	89	90	89	90	89	95	104	107	114	121	90	54	50	59	82	79	51	49	44	50	54	49	49	40	43	63	68	53	50	41	48	52	55	63	60	48	58	70	62	45	52	75	54	49	44	48	52	48	68	73	76	62	60	43	50	65	55	51	50	68	81	85	78	68	80	83	84	64	74	84	87	81	63	45	61	65	70	86	86	86	95	90	90	82	87	77	
86	107	100	60	42	38	41	94	125	117	65	62	93	93	103	120	118	124	116	98	88	83	77	89	104	104	107	107	109	106	94	96	96	93	102	107	104	65	75	109	106	104	103	99	97	101	104	108	117	125	131	119	58	51	50	57	97	95	58	57	49	46	47	55	60	49	51	62	67	59	48	41	51	53	46	60	55	46	53	74	68	51	50	64	46	69	63	39	50	47	60	75	65	56	61	39	59	51	53	46	50	60	83	94	77	60	94	69	69	47	47	62	96	79	45	45	70	65	56	49	60	73	97	98	92	71	89	91	
62	87	120	105	63	32	36	92	126	89	51	72	70	72	116	90	78	66	62	50	81	109	111	123	115	117	117	116	112	92	102	102	100	97	92	107	103	75	75	112	113	117	118	121	118	121	125	135	126	128	133	103	60	51	54	55	83	104	65	56	58	51	46	52	59	57	54	55	67	62	55	39	47	52	51	58	46	41	54	65	52	50	48	52	51	59	56	47	49	44	49	55	42	55	64	48	61	59	55	54	63	50	75	88	86	63	84	61	53	61	43	54	93	75	38	54	74	56	44	23	41	70	102	105	111	106	95	76	
54	75	111	107	73	35	39	55	93	68	43	68	35	50	100	73	74	50	39	40	59	105	127	105	135	135	133	120	69	57	89	117	105	96	82	83	88	86	88	101	114	114	125	145	145	113	110	115	129	123	102	76	62	59	61	55	74	92	56	57	60	52	52	59	58	57	57	63	70	61	62	47	51	52	44	52	49	44	45	60	56	42	47	61	63	48	46	50	54	61	44	65	56	66	59	62	68	59	50	47	62	60	63	69	86	80	74	41	50	64	55	40	77	72	38	58	59	42	27	23	51	63	99	91	94	87	61	52	
29	84	102	86	71	41	38	51	76	59	36	41	33	49	51	69	62	46	40	45	62	68	72	63	96	125	121	124	75	55	93	119	121	104	82	87	82	81	93	95	101	110	134	154	130	88	86	79	131	112	89	80	66	68	69	66	75	88	59	67	65	59	68	66	63	59	64	65	61	63	57	53	57	46	40	48	49	42	44	49	58	47	41	52	59	62	54	61	75	81	68	67	58	63	78	89	57	53	65	75	67	57	51	58	75	82	79	62	71	40	44	45	55	62	46	57	48	34	28	44	57	84	91	52	56	75	55	63	
21	64	96	85	70	54	46	46	58	37	18	30	35	43	43	82	57	48	55	53	61	69	61	69	60	82	92	108	87	81	104	123	137	107	76	96	86	77	113	116	113	122	137	146	100	72	64	55	91	123	119	102	90	91	92	91	96	111	88	88	87	88	90	83	85	73	69	74	70	69	56	47	56	44	43	46	45	49	53	61	53	47	50	60	63	51	53	70	73	73	82	72	63	62	72	99	80	61	57	76	87	67	53	57	72	69	69	78	59	44	41	40	49	42	60	64	33	27	30	49	56	81	74	58	49	58	77	59	
27	28	62	67	51	58	51	43	52	30	36	37	34	32	54	80	61	62	84	64	57	65	70	66	77	65	90	93	80	104	124	131	135	94	51	85	79	62	123	138	139	148	154	143	80	55	54	60	72	110	128	124	125	127	123	122	120	120	115	117	115	115	113	106	98	89	90	92	73	67	63	54	66	55	46	48	46	51	60	78	57	50	66	58	52	57	56	57	64	63	71	69	84	72	56	68	79	95	54	76	89	88	60	72	82	63	62	62	41	37	42	44	39	41	79	77	34	24	49	70	65	72	65	51	51	53	68	59	
28	30	35	56	40	49	50	43	47	34	40	40	24	32	52	79	75	67	80	55	56	64	66	73	95	68	83	108	94	94	112	121	125	92	50	62	77	77	114	157	158	172	133	88	76	41	40	74	85	126	139	139	141	137	134	132	130	137	137	135	127	125	118	108	99	103	107	119	93	71	71	73	82	79	56	56	58	62	73	76	62	69	65	58	53	57	55	52	61	68	62	53	74	90	58	50	56	74	59	68	70	78	68	58	74	72	57	42	27	35	42	39	32	26	74	61	27	41	55	68	78	78	60	59	48	50	55	69	
28	31	28	35	34	40	45	39	39	34	32	33	32	49	67	85	86	70	88	64	45	67	70	72	74	72	73	86	90	115	133	123	113	79	76	78	53	76	85	136	163	142	71	51	59	29	42	60	103	95	134	134	142	143	140	137	136	140	138	132	131	122	117	109	103	81	99	121	114	88	87	89	94	89	66	71	76	72	75	63	81	72	63	62	56	56	49	52	64	66	71	69	56	78	73	55	52	56	57	58	58	78	71	52	65	58	51	30	23	38	22	43	39	28	56	56	38	48	58	56	74	87	74	92	53	42	59	79	
34	28	28	28	23	25	43	30	27	32	29	32	39	58	86	65	84	74	90	57	52	55	63	60	58	72	69	73	98	115	146	143	138	90	56	81	49	65	69	95	151	99	64	53	43	42	49	64	108	121	129	126	139	146	142	140	142	144	141	136	135	127	122	117	105	79	81	97	120	114	101	92	99	92	79	85	83	76	67	54	69	59	62	70	57	65	59	52	60	51	62	86	57	62	62	65	51	65	72	64	54	67	83	54	53	63	51	25	32	30	17	40	36	32	62	64	54	57	64	67	71	72	82	77	59	60	65	58	
44	28	24	25	29	19	44	28	24	37	47	40	32	67	63	55	78	67	83	53	64	44	47	55	57	65	75	81	106	97	110	109	126	101	31	77	63	56	62	75	150	101	62	31	28	38	66	72	116	155	137	132	134	143	150	147	145	146	145	145	148	146	144	142	130	87	92	88	99	116	106	98	99	96	94	95	73	64	66	64	65	61	60	68	59	63	80	60	58	54	66	67	54	67	55	68	53	73	77	77	74	66	88	69	55	63	45	38	49	39	25	34	37	24	52	75	69	58	41	62	64	59	73	71	73	87	95	74	
54	37	31	28	26	34	38	34	24	35	36	37	43	62	56	47	72	66	95	79	62	55	54	53	54	63	77	72	78	65	98	94	93	65	30	63	78	50	58	71	135	89	54	22	25	51	103	102	135	165	142	128	132	152	157	153	152	154	153	149	150	154	157	157	146	106	108	89	108	121	129	122	121	116	104	90	81	80	80	78	72	61	77	77	65	70	83	79	69	66	77	77	53	62	57	69	68	69	63	78	85	60	81	80	86	76	51	42	51	40	27	25	34	21	42	74	65	58	43	49	53	43	55	80	97	75	41	43	
53	36	39	25	24	25	39	35	18	30	33	48	71	58	44	39	66	61	97	83	60	66	68	54	52	59	77	79	62	70	111	119	85	55	49	56	72	55	45	91	133	85	36	16	22	56	113	123	150	161	150	134	137	149	155	153	155	153	157	162	162	162	162	164	159	111	82	72	100	124	141	140	132	135	123	107	106	106	98	89	82	83	88	65	66	73	79	87	91	85	89	82	58	58	65	66	76	81	59	73	105	84	93	92	82	85	51	46	45	36	25	21	36	21	43	74	58	61	44	39	51	48	53	66	80	58	32	27	
39	34	29	22	21	25	74	55	40	38	35	48	54	50	36	27	64	55	94	79	48	52	64	59	48	62	68	81	68	73	96	102	74	42	29	72	60	51	43	67	121	65	28	16	29	59	98	130	137	142	140	128	122	130	141	146	148	146	152	150	154	159	156	159	164	122	117	93	107	112	145	140	133	140	138	124	110	106	127	117	100	103	97	82	68	76	83	86	79	80	89	76	62	69	78	78	78	96	92	84	100	96	95	81	62	65	76	63	43	37	29	34	27	14	38	60	56	52	41	30	41	39	59	54	40	57	47	37	
30	30	30	30	10	36	47	59	72	57	46	38	40	43	43	34	49	63	90	70	57	59	52	56	42	53	72	84	67	71	100	106	74	34	57	67	56	71	51	62	91	65	40	18	35	69	93	123	111	126	110	106	99	102	117	130	135	141	140	139	139	145	150	153	155	112	111	99	95	118	132	148	144	147	137	104	86	103	122	123	124	121	117	106	85	85	93	90	68	82	98	93	97	81	84	85	82	101	98	96	101	101	104	81	70	70	76	69	43	41	27	27	26	21	30	50	54	51	33	25	35	35	52	34	26	44	51	46	
44	39	29	31	26	49	32	80	68	61	60	28	25	38	47	46	44	59	85	80	73	81	69	54	46	62	85	86	73	74	92	90	54	50	66	48	57	96	67	62	59	56	38	29	53	54	65	91	100	108	76	72	76	89	110	107	124	146	144	142	145	148	154	152	153	121	110	83	99	125	148	150	140	152	118	92	85	84	94	139	140	127	116	111	97	95	88	90	81	99	107	111	101	80	90	91	103	109	103	101	107	106	101	104	72	38	50	74	58	42	19	19	22	14	24	44	62	49	27	24	30	28	32	19	24	26	51	48	
30	29	22	25	40	48	31	50	48	72	57	18	15	29	44	43	46	54	52	56	66	76	76	53	49	69	74	66	81	79	72	74	50	52	44	52	63	87	70	52	47	49	34	52	64	53	51	69	84	83	81	85	87	110	130	120	119	158	152	149	153	156	153	154	155	143	122	90	89	115	157	148	132	129	89	80	84	73	90	145	153	138	126	119	110	106	108	123	99	50	76	118	111	101	102	102	116	123	122	129	119	103	103	74	82	50	64	71	43	42	21	14	19	14	17	29	53	37	20	22	27	18	31	32	31	29	47	45	
28	30	27	33	54	32	16	24	57	84	42	14	25	36	37	50	45	38	26	35	48	48	66	68	75	70	63	57	67	70	66	62	40	51	59	82	57	85	66	58	43	51	37	59	75	59	51	60	68	77	84	90	72	109	133	159	94	95	160	160	160	159	158	155	159	125	106	92	94	122	142	135	122	108	74	67	75	66	77	113	149	152	152	142	137	142	146	123	61	69	78	82	79	124	140	139	141	147	153	148	130	119	116	105	64	49	53	51	20	37	33	12	17	16	14	17	40	38	16	30	30	28	33	38	40	42	48	51	
11	43	52	60	58	26	9	26	62	71	33	26	37	58	45	52	29	26	22	31	39	50	71	91	93	74	66	58	59	61	76	67	43	64	52	68	54	94	56	60	46	56	40	63	73	62	38	50	63	58	79	87	79	80	132	150	82	67	131	165	163	160	159	155	153	118	95	69	66	112	142	128	114	87	64	63	68	63	65	89	108	146	164	135	160	161	119	76	57	78	79	67	59	91	133	140	152	160	160	152	137	126	113	111	49	30	40	47	24	27	37	21	19	9	17	22	33	47	29	29	35	44	38	33	40	48	50	44	
29	37	50	70	30	18	13	27	47	57	47	50	44	45	52	34	25	25	26	29	33	49	72	88	94	89	62	68	59	62	68	59	56	53	24	46	57	84	54	68	46	50	50	57	83	50	28	35	45	51	70	76	66	89	136	139	93	66	72	126	163	162	159	156	157	127	86	83	60	111	135	119	113	94	83	57	62	56	62	71	72	104	139	135	123	114	74	58	65	91	80	86	81	84	100	115	142	148	149	155	151	134	122	77	46	39	38	51	34	30	35	23	14	12	14	26	27	31	31	34	33	41	38	36	38	49	47	40	
35	42	58	46	30	14	10	48	42	49	47	31	35	30	36	50	42	39	40	38	35	43	73	97	97	96	65	42	38	25	31	30	27	26	23	35	45	81	60	62	51	32	53	45	63	43	22	27	46	59	67	64	40	86	118	129	86	54	64	108	139	134	147	158	146	140	116	89	71	107	140	114	101	81	99	92	63	69	62	63	56	93	133	114	103	97	79	63	70	70	75	88	89	101	97	102	115	113	125	137	144	154	123	62	51	41	47	54	43	32	31	34	11	18	12	14	27	28	22	34	25	51	51	38	37	51	50	39	
41	47	38	38	15	3	18	58	32	22	26	33	31	31	24	34	39	46	69	74	59	62	96	100	91	96	99	80	68	35	33	44	23	15	13	23	51	88	64	53	63	22	28	45	25	35	24	16	36	40	54	52	49	92	112	107	89	65	68	71	82	78	103	124	141	146	116	90	88	88	122	118	77	59	88	105	80	84	66	64	59	86	122	99	96	85	87	67	60	56	75	97	99	98	84	84	110	118	125	135	139	123	67	44	48	44	55	52	49	35	30	43	20	17	19	12	16	15	14	20	31	52	48	37	44	53	51	43	
35	36	43	33	23	24	29	48	20	21	29	37	36	28	33	19	41	55	65	107	92	101	91	88	74	70	82	90	77	41	34	36	41	29	20	14	37	63	61	57	61	25	20	21	23	27	16	17	29	32	36	40	49	82	102	99	65	86	97	74	70	78	83	92	152	123	45	48	59	77	129	128	67	55	82	105	92	80	94	70	72	95	118	122	93	92	87	74	63	60	77	127	120	110	92	93	108	119	122	130	131	101	52	41	38	42	57	53	49	39	37	40	31	14	11	15	15	13	10	14	28	51	40	51	56	67	65	70	
17	40	51	26	28	42	27	44	42	33	23	36	42	44	46	26	36	37	57	107	71	74	67	65	73	70	59	65	64	37	39	21	41	20	15	8	40	51	41	58	59	42	38	17	24	15	15	29	39	43	39	33	40	72	90	80	75	64	83	97	75	69	66	87	99	55	37	50	45	55	117	112	55	58	78	87	86	90	85	93	96	84	106	119	99	70	74	77	58	55	86	98	114	111	96	98	100	113	115	123	116	70	42	47	37	39	57	43	48	39	38	43	35	16	8	9	12	15	14	11	21	49	63	79	74	80	89	87	
34	27	27	28	12	43	38	28	22	42	32	32	46	37	50	36	41	32	45	76	65	73	59	50	62	43	42	52	46	38	41	30	37	24	19	11	19	44	41	49	59	42	46	15	15	17	23	31	43	45	41	34	35	61	100	101	68	48	79	92	82	62	58	67	64	46	41	42	46	89	137	77	38	49	67	73	91	89	97	113	99	92	119	112	92	46	68	69	53	60	75	58	91	128	110	82	102	118	122	115	103	68	43	44	23	35	49	37	51	33	34	38	31	14	12	12	24	26	24	17	23	49	48	70	83	96	91	76	
56	25	33	44	20	43	45	44	31	27	26	33	46	37	42	40	45	47	52	77	47	54	82	64	55	42	44	54	41	48	44	41	46	38	19	6	15	33	30	39	49	41	48	17	17	24	28	38	41	54	42	38	34	50	82	80	76	50	63	85	71	56	58	55	70	42	26	33	46	88	107	72	52	49	75	73	99	100	103	124	118	138	117	106	80	69	71	73	60	67	39	27	50	112	104	70	107	114	114	107	84	64	50	39	22	30	37	30	41	27	28	27	23	14	11	21	27	30	34	25	20	37	60	77	83	99	89	73	
36	43	48	32	38	55	38	39	44	39	23	29	35	36	46	47	54	58	48	49	38	40	59	50	68	68	41	48	46	49	52	42	55	37	23	15	17	16	15	30	41	46	38	25	26	17	35	41	37	58	57	55	36	43	69	74	77	58	65	72	50	47	60	57	64	35	32	46	47	69	104	83	75	67	69	65	68	98	90	81	65	96	113	93	86	96	69	74	55	56	31	38	36	71	105	75	85	102	95	87	76	54	35	39	27	31	37	33	31	29	31	21	16	12	18	22	24	38	36	33	24	29	49	76	69	62	74	66	
36	30	43	34	44	36	32	44	38	36	22	27	41	35	56	57	49	54	33	47	42	43	58	50	58	47	35	32	36	52	50	43	60	40	24	28	24	16	11	20	28	45	40	18	35	34	41	36	49	72	67	68	46	36	66	84	64	54	64	64	55	55	61	53	54	33	41	29	33	54	90	93	68	62	70	55	63	92	71	46	43	49	108	94	95	74	67	64	62	49	33	48	60	59	110	73	70	95	103	67	41	32	14	26	39	28	40	30	30	27	32	22	16	21	15	21	38	38	39	42	27	34	44	54	69	59	54	44	
21	18	30	42	35	36	42	43	35	24	36	29	59	50	44	50	39	49	56	61	44	35	38	48	42	54	38	32	38	46	49	45	47	52	52	29	27	11	10	16	12	36	40	14	39	42	48	40	69	80	74	77	51	58	59	64	49	58	53	38	37	42	56	49	43	31	36	38	37	58	102	98	57	73	68	56	75	75	63	42	45	45	100	84	71	57	70	64	71	51	18	31	64	88	107	88	93	111	116	80	50	22	14	21	45	41	45	45	24	30	25	25	23	20	10	26	40	43	39	44	30	39	43	47	73	64	56	27	
41	27	29	44	33	43	44	51	43	42	41	51	51	60	46	32	43	58	59	75	56	28	32	44	46	47	22	18	35	38	43	43	46	60	67	41	29	12	19	18	14	30	41	19	24	34	54	50	74	64	61	79	70	77	74	57	58	55	32	25	31	31	35	53	55	38	38	35	49	73	97	60	51	66	65	57	52	53	58	49	38	60	108	68	60	54	66	63	72	58	27	36	52	90	93	113	126	120	99	76	37	21	14	28	51	46	55	47	34	27	23	21	24	24	10	17	34	31	38	48	32	32	51	55	79	70	37	17	
26	31	25	26	35	49	56	65	51	48	49	54	45	32	40	38	44	49	45	70	52	40	37	35	35	34	26	7	9	25	35	30	38	53	50	43	44	19	12	17	24	29	38	29	16	21	36	57	46	44	60	68	62	65	69	59	54	45	24	37	35	28	42	47	50	49	44	39	45	55	83	69	48	73	68	59	53	51	41	42	36	97	101	64	55	54	61	74	84	97	48	61	68	79	70	106	122	118	110	69	30	37	18	37	56	59	66	35	25	22	22	16	30	29	7	12	22	23	34	43	31	49	75	62	60	49	34	31	
20	18	8	11	16	47	62	51	46	45	47	53	41	39	38	44	45	36	37	34	43	45	37	37	23	33	22	9	7	18	32	30	37	38	52	53	47	18	15	6	17	29	29	23	13	20	41	53	37	56	48	34	20	48	74	64	44	28	27	22	35	47	33	36	38	42	55	39	38	47	75	72	53	73	68	75	59	52	42	42	41	94	100	58	49	52	63	78	79	95	81	84	87	76	66	83	95	109	110	32	36	42	26	38	70	68	50	31	14	23	25	16	29	25	17	16	12	16	27	35	38	69	74	50	43	34	64	39	
19	22	8	22	12	22	39	37	42	37	43	38	44	21	30	49	47	51	41	33	39	40	50	33	24	34	22	11	19	27	27	29	37	32	50	54	41	19	21	22	12	31	35	21	11	21	27	53	27	36	41	29	24	57	82	63	60	36	23	35	68	59	23	30	30	32	52	38	32	51	68	63	75	72	61	73	67	39	41	35	47	70	78	61	48	54	55	64	78	72	84	80	88	80	63	78	83	101	109	75	56	36	35	51	85	67	40	21	22	30	23	17	31	23	30	25	20	13	16	35	39	79	62	45	29	60	53	42	
24	37	27	27	27	18	42	35	32	28	45	35	23	10	34	50	36	38	32	31	39	42	47	23	30	24	15	18	27	26	24	21	35	43	39	41	34	27	11	29	32	28	28	17	6	18	22	41	36	19	31	49	48	69	80	67	61	33	17	40	52	36	26	33	23	29	45	39	42	42	58	60	74	74	48	64	76	38	35	44	52	82	89	85	58	53	65	73	74	78	88	85	93	68	70	77	88	95	100	104	80	60	54	63	90	46	26	25	18	32	25	21	29	22	23	31	19	20	19	31	44	52	70	34	29	57	55	59	
24	29	28	37	28	24	34	29	26	25	25	31	13	28	49	46	26	42	43	31	47	51	43	18	33	22	15	35	40	28	22	25	42	35	43	33	33	25	10	18	22	15	12	29	13	14	25	37	34	19	30	51	67	71	72	66	41	20	37	39	36	14	21	44	14	54	30	72	48	33	48	44	53	65	55	59	41	34	56	60	46	85	67	71	68	40	70	84	64	77	96	89	96	69	76	91	98	97	103	96	65	71	86	90	87	42	24	14	20	39	24	21	27	31	27	31	21	27	22	37	42	36	72	41	44	62	65	62	
15	27	36	37	21	18	20	24	31	32	36	10	15	54	52	55	45	43	44	44	52	52	37	38	26	18	25	38	30	28	21	31	37	35	40	28	29	18	13	20	13	15	37	54	42	19	34	33	27	46	57	54	48	53	65	65	65	39	30	51	34	10	20	38	32	39	29	55	27	37	38	53	68	66	45	41	43	46	61	59	58	69	45	49	67	48	57	85	80	95	93	90	89	77	82	100	111	103	106	91	52	68	66	97	64	37	21	11	39	38	16	23	31	29	30	20	23	35	36	35	28	40	56	41	51	69	58	67	
26	16	25	43	15	14	6	12	25	29	33	16	43	55	50	35	24	34	39	37	34	52	47	21	23	34	29	36	30	25	13	24	22	33	28	20	20	19	17	11	11	30	50	38	46	41	35	34	37	71	100	51	38	43	29	61	78	31	46	51	29	15	22	35	45	23	27	34	29	38	35	48	73	53	38	26	36	48	53	46	51	48	27	40	57	59	68	80	72	82	100	106	98	89	88	74	85	99	102	85	65	73	59	70	42	33	23	16	39	36	16	32	38	17	38	30	21	40	41	30	22	33	50	46	55	76	54	55	
32	21	29	25	11	9	15	29	29	25	21	28	31	32	42	28	19	30	30	31	34	51	39	19	34	40	34	29	27	23	11	12	11	22	24	15	9	10	13	25	13	36	42	43	39	40	27	33	58	104	104	55	28	41	29	67	73	64	66	50	38	25	37	29	41	25	34	35	27	61	33	38	52	52	28	20	29	42	38	47	58	44	18	18	50	65	60	55	55	64	84	106	108	102	79	55	75	89	90	53	55	62	49	60	41	37	16	24	45	33	19	36	33	30	24	29	19	57	56	21	26	9	44	58	61	57	38	48	
20	15	30	19	12	22	21	24	30	34	25	22	31	27	28	33	29	25	19	29	28	30	31	22	35	46	33	33	25	16	14	12	3	16	18	8	13	16	8	13	13	33	40	40	40	41	22	42	73	103	105	92	42	26	46	42	34	50	59	51	52	37	38	40	36	34	25	36	48	47	42	51	52	51	28	14	17	34	41	49	59	50	19	15	45	62	48	26	36	45	42	78	77	99	83	64	89	108	78	36	34	32	39	68	33	30	12	25	39	32	22	35	29	29	22	22	21	47	67	33	23	9	25	70	62	43	53	54	
14	13	17	30	21	19	23	17	28	41	30	43	52	35	32	45	51	18	14	24	32	32	35	42	28	41	26	42	40	10	7	24	35	34	14	13	28	23	19	8	16	27	31	30	41	30	18	59	84	84	84	94	53	36	49	27	33	31	46	57	53	37	32	42	40	39	20	37	44	48	47	44	58	38	24	11	10	35	57	42	52	36	17	16	43	63	51	25	28	36	39	23	52	108	97	105	104	109	58	26	32	30	38	63	29	37	14	26	45	33	32	35	30	27	23	30	17	45	67	48	24	17	15	41	80	73	80	64	
26	10	16	36	35	36	35	21	29	48	39	46	35	35	55	46	37	34	38	51	41	50	34	33	28	26	26	48	49	12	5	15	27	39	16	19	26	37	30	17	17	27	35	33	39	22	24	57	66	69	83	88	63	33	18	32	25	20	33	43	39	43	30	27	38	37	19	18	21	33	36	44	42	40	32	9	16	33	56	46	42	23	13	16	48	73	62	61	45	36	50	27	49	102	113	111	99	89	39	40	42	49	39	54	23	45	18	26	49	34	18	35	20	24	17	30	14	32	70	49	28	21	14	30	49	68	77	70	
39	36	22	26	34	39	30	26	30	36	43	42	55	50	52	45	44	47	41	68	67	54	55	31	29	31	19	53	41	15	13	24	23	33	17	23	31	43	37	17	14	32	33	31	50	24	43	67	58	58	60	76	60	27	12	28	18	24	41	38	31	33	27	35	33	35	20	10	32	24	30	45	49	58	41	7	28	35	50	55	30	21	13	20	49	66	62	36	65	45	31	40	38	61	98	108	113	102	83	76	42	48	55	39	23	54	13	37	51	29	16	38	22	18	17	37	26	22	61	47	21	26	20	24	28	44	69	71	
35	28	14	25	34	51	23	25	14	30	49	47	54	58	69	61	59	51	64	61	60	62	62	29	29	24	28	35	42	24	23	39	28	25	20	30	33	44	24	11	15	18	33	34	45	33	47	66	48	57	69	67	59	39	45	39	23	37	55	40	38	32	27	35	32	34	21	5	18	30	24	43	44	32	47	14	29	39	54	55	39	16	21	40	59	71	53	30	45	29	52	77	66	59	53	104	122	122	115	65	30	41	80	50	27	51	17	40	53	42	23	37	32	16	20	53	24	27	61	43	23	32	22	14	40	57	58	72	
38	23	12	23	22	46	24	13	17	30	27	45	69	76	76	62	65	68	67	53	43	54	60	28	36	32	48	49	40	30	29	40	30	24	21	27	24	41	37	32	18	9	32	34	37	28	44	61	35	55	57	59	50	41	58	59	43	34	45	37	40	31	40	48	41	34	26	7	10	19	22	35	35	32	55	27	35	73	57	49	27	19	25	58	65	65	47	63	46	22	44	44	51	62	47	99	124	121	93	47	25	34	58	50	25	49	30	46	67	43	16	36	39	17	15	50	21	25	54	45	34	25	22	18	46	40	61	58	
31	38	24	32	46	33	16	14	21	13	21	23	59	71	61	65	55	57	66	58	51	56	65	38	40	55	52	56	39	25	35	43	29	20	18	18	20	40	62	80	63	16	15	23	25	37	51	52	46	52	35	52	43	33	52	48	28	26	41	32	32	39	48	47	55	37	31	11	8	15	18	33	55	61	83	40	65	71	51	60	35	50	47	49	41	49	43	72	75	34	40	17	32	53	71	90	116	94	58	34	24	24	52	41	28	54	25	47	69	38	12	26	42	20	8	30	23	30	56	41	43	27	23	21	51	33	49	53	
34	49	52	49	36	24	22	29	38	21	41	30	40	58	55	61	54	65	52	51	19	52	60	35	58	64	58	52	45	33	32	33	15	14	22	30	35	69	65	78	71	40	16	18	12	28	50	47	50	55	46	43	50	39	39	50	41	37	24	36	35	54	47	55	46	35	32	17	4	14	13	38	74	54	53	78	56	59	50	54	58	59	69	49	23	54	43	37	47	22	31	26	30	58	66	99	124	83	51	36	51	25	68	31	28	43	16	50	64	30	20	17	41	19	9	42	19	32	55	21	32	27	19	25	42	45	37	40	
28	49	48	56	40	36	29	34	56	53	49	49	46	68	51	54	41	55	52	24	18	47	65	48	65	70	84	87	55	30	31	19	23	22	14	19	42	82	59	66	61	63	20	16	19	32	47	53	46	32	33	30	47	44	33	50	28	18	17	26	34	47	39	45	38	34	31	21	7	15	29	43	45	48	42	47	56	81	68	43	51	52	38	35	24	56	46	39	54	29	20	28	37	50	52	82	80	92	87	70	54	57	61	29	17	39	16	55	70	30	29	15	34	16	14	39	17	24	51	42	39	34	16	21	44	53	44	28	
31	43	55	61	32	25	38	33	51	49	60	49	45	56	55	51	46	40	38	18	53	59	46	57	78	66	82	91	52	38	30	25	38	34	17	13	48	72	54	60	66	65	40	27	27	39	57	45	40	39	37	41	44	48	52	50	37	21	17	38	57	56	38	33	27	32	33	23	14	13	26	36	32	56	51	47	56	64	80	48	38	27	21	26	47	52	41	48	60	31	17	31	35	19	56	70	54	59	92	73	53	57	54	19	14	32	20	51	63	41	50	19	24	8	21	34	18	19	54	43	50	28	17	18	33	43	42	25	
42	30	30	65	34	40	57	29	55	65	56	42	45	41	55	61	52	53	20	31	72	56	40	68	80	71	90	96	75	58	53	34	39	52	35	14	49	53	60	60	60	60	57	33	30	38	46	47	52	57	43	46	61	57	51	50	50	38	26	39	61	55	40	34	26	41	30	25	23	13	17	19	48	54	46	62	57	55	72	54	36	17	24	34	68	67	53	48	49	32	33	43	58	27	72	75	70	58	70	60	41	53	64	20	17	32	30	45	49	45	60	28	16	14	17	35	26	9	49	29	30	23	18	21	29	38	22	23	
